0 0.99437 0.865115
1 -0.743751 0.998081
2 -0.527822 -0.206839
3 -0.224179 0.339492
4 0.871078 0.692622
5 -0.373453 0.0490963
6 -0.113094 -0.540846
7 0.0688278 0.827924
8 -0.0855904 -0.138603
9 0.878256 0.556778
10 0.431941 0.605515
11 -0.814398 0.0363051
12 0.73004 0.658294
13 0.659207 -0.4539
14 -0.881514 0.341056
15 0.186131 0.343308
16 -0.176424 -0.604898
17 -0.420741 -0.71576
18 0.566629 -0.174922
19 -0.931657 0.24806
20 0.321271 -0.403009
21 -0.107731 -0.555751
22 -0.853272 -0.061523
23 -0.807655 0.80674
24 -0.761019 0.0495988
25 -0.832754 0.833723
26 0.820897 -0.40214
27 0.168778 0.131824
28 0.227877 0.913071
29 -0.478042 -0.537969
30 0.066897 0.899876
31 -0.0138808 0.081201
32 0.53097 -0.909309
33 -0.720068 0.584807
34 -0.940397 0.766251
35 0.0815764 -0.10404
36 0.784272 -0.244831
37 0.0768494 0.304598
38 -0.277478 0.142017
39 0.275673 -0.74737
40 0.380409 0.295499
41 -0.292122 0.526466
42 -0.286937 0.505577
43 0.762684 -0.976662
44 -0.00378186 -0.852416
45 0.573903 -0.871865
46 -0.289379 0.883674
47 -0.240393 0.52584
48 0.54319 -0.397279
49 0.545478 -0.69414
50 0.157268 -0.981984
51 0.418085 -0.0587184
52 0.529185 -0.0652146
53 -0.461998 0.663385
54 0.10265 -0.859837
55 -0.0550499 0.48553
56 -0.616088 -0.071377
57 -0.539274 0.0164951
58 -0.582863 -0.901392
59 0.0377238 -0.655443
60 -0.207373 -0.785269
61 0.0196206 -0.79573
62 -0.422564 -0.536483
63 0.935336 -0.443362
64 -0.532755 -0.816887
65 0.140133 -0.164147
66 -0.264314 0.62599
67 -0.42048 0.434783
68 0.225896 -0.14618
69 0.503746 -0.144375
70 -0.143235 -0.276191
71 -0.693323 0.874381
72 0.83282 0.563917
73 0.232658 -0.928001
74 0.308648 -0.740461
75 -0.411281 -0.27837
76 -0.45071 -0.852062
77 -0.695726 -0.676763
78 0.877423 -0.257732
79 -0.899964 0.481911
80 -0.40264 -0.591284
81 0.963513 0.786042
82 0.518698 0.302241
83 -0.920633 0.627753
84 0.525146 -0.0894351
85 0.0636529 -0.781328
86 -0.707935 0.0175775
87 -0.568699 0.832887
88 -0.075695 -0.735465
89 0.528483 -0.574533
90 -0.851483 -0.809162
91 -0.675589 -0.287073
92 -0.809384 -0.713474
93 0.862026 0.153168
94 0.67929 0.246584
95 -0.350965 0.456023
96 0.0454732 0.473623
97 -0.669188 0.374117
98 -0.146378 0.457115
99 0.512671 -0.204777
100 0.8504 -0.592979
101 -0.983995 0.852701
102 -0.410977 -0.666097
103 -0.951797 -0.0959968
104 0.616677 -0.263246
105 0.218414 -0.930305
106 -0.290846 -0.84296
107 0.38637 -0.974575
108 -0.0809094 0.922635
109 -0.33163 -0.0558331
110 -0.789217 0.00615182
111 0.77138 0.0687547
112 -0.437046 -0.290831
113 0.79256 -0.517022
114 -0.952232 0.931454
115 -0.140064 -0.307423
116 0.154135 -0.746948
117 0.900087 -0.372778
118 0.905662 -0.563214
119 -0.5026 0.727604
120 -0.529463 0.6302
121 0.0877945 -0.617479
122 0.17768 -0.903726
123 -0.968254 -0.900578
124 -0.201169 0.153808
125 0.735035 0.572324
126 -0.490595 -0.83549
127 -0.684488 -0.581014
128 -0.165234 -0.30462
129 0.399768 0.395019
130 -0.850552 -0.927061
131 0.5788 0.801057
132 -0.990673 -0.471593
133 -0.0652454 -0.280368
134 -0.519565 -0.953663
135 0.0633362 -0.739611
136 0.122918 -0.664338
137 -0.15785 0.369376
138 -0.452199 -0.980001
139 -0.560267 -0.936088
140 0.869744 0.564184
141 0.035188 -0.967074
142 -0.4024 0.0814391
143 0.719767 -0.629771
144 -0.832907 -0.911455
145 -0.112384 -0.961362
146 -0.865936 0.623543
147 0.272581 0.545701
148 0.411364 -0.523578
149 -0.911164 -0.437566
150 0.730179 -0.853753
151 0.320664 -0.625243
152 0.0445731 0.807759
153 -0.0496945 0.694045
154 0.677559 -0.72144
155 0.0806091 -0.0658294
156 -0.562634 -0.118343
157 -0.0394436 -0.333431
158 -0.982175 0.0109279
159 0.346295 -0.889081
160 -0.684841 0.210206
161 -0.361552 0.781034
162 0.580747 -0.565002
163 -0.599582 0.36088
164 -0.687566 0.020722
165 0.976129 -0.710616
166 -0.9034 0.798128
167 0.430659 -0.379344
168 -0.214119 -0.838433
169 -0.295757 -0.997973
170 0.249261 -0.599457
171 0.250223 -0.357096
172 -0.905364 0.44673
173 0.518504 -0.187391
174 0.40867 0.170718
175 0.939129 -0.392243
176 -0.372489 -0.547077
177 0.344669 0.557844
178 0.0253234 0.23053
179 -0.908678 -0.107801
180 0.936025 -0.280879
181 0.108064 -0.177291
182 0.932093 -0.593884
183 0.985653 0.3184
184 0.618154 -0.0836982
185 0.774616 0.0678687
186 0.154559 0.834997
187 -0.371707 0.452277
188 0.610472 -0.0398741
189 -0.0248513 0.68282
190 0.111055 -0.460237
191 -0.0265146 -0.448308
192 -0.549219 0.293508
193 0.842267 -0.59905
194 0.759706 -0.0683846
195 0.44996 -0.394257
196 -0.0219854 -0.592651
197 -0.822767 -0.668621
198 0.00599307 0.575162
199 0.807204 -0.560952
200 0.476262 -0.484394
201 0.128417 -0.735141
202 -0.255825 -0.834289
203 0.0114524 0.388814
204 -0.0860442 -0.277451
205 0.632015 -0.908377
206 -0.224344 -0.0829536
207 0.471464 0.819274
208 -0.445189 0.635537
209 0.312632 -0.977439
210 0.470707 0.206989
211 0.360038 0.16792
212 0.147042 -0.277965
213 0.9174 0.973886
214 -0.225729 0.67236
215 0.964285 0.170706
216 0.341864 -0.827487
217 0.982901 0.559
218 0.98873 0.30738
219 -0.925144 0.438179
220 0.376232 0.217626
221 -0.787577 -0.43863
222 0.552429 0.780333
223 0.0211986 0.431416
224 -0.844442 0.230608
225 0.675608 0.392011
226 0.110119 0.722379
227 0.490643 -0.470901
228 0.999538 0.147464
229 0.278118 -0.0206008
230 0.778749 0.749021
231 0.69558 0.295448
232 0.171157 -0.436834
233 0.983308 0.599322
234 0.00327246 0.544631
235 -0.75144 0.842036
236 -0.910327 -0.54279
237 0.684973 -0.388857
238 -0.0313569 0.300107
239 -0.712114 -0.388404
240 0.773841 0.773684
241 0.0304333 -0.465825
242 0.760687 -0.00403339
243 -0.333121 0.789393
244 -0.591034 0.639209
245 0.677676 0.0455921
246 -0.676124 0.897954
247 -0.881102 0.772999
248 0.148688 -0.242306
249 0.281811 -0.744386
250 -0.186594 -0.28718
251 -0.697688 0.712946
252 -0.795985 0.906242
253 -0.666372 -0.121191
254 -0.679167 0.758544
255 -0.0430993 -0.201693
256 -0.44906 -0.896718
257 -0.722571 0.557277
258 -0.643893 0.166877
259 0.856248 -0.784672
260 -0.0947114 -0.688015
261 -0.391578 0.528248
262 0.253844 0.422191
263 -0.613079 -0.863138
264 0.759312 -0.360302
265 0.20896 0.91042
266 -0.168416 -0.608217
267 -0.667943 0.249614
268 -0.887413 -0.342894
269 0.960824 0.543195
270 -0.581335 0.170564
271 -0.120424 0.227108
272 -0.360057 -0.7762
273 -0.373971 0.987876
274 -0.668452 -0.0741598
275 0.271034 -0.925824
276 -0.493451 0.740425
277 -0.720737 -0.963858
278 0.379428 0.742156
279 -0.288983 -0.206402
280 0.725823 0.864514
281 -0.0984822 0.949983
282 0.395874 0.507221
283 0.155549 -0.730788
284 0.615398 -0.790663
285 -0.328977 0.128729
286 0.245177 -0.0837981
287 0.62571 -0.503478
288 -0.154469 0.611223
289 0.0962461 -0.504947
290 -0.978456 -0.506159
291 -0.500261 0.231527
292 -0.476133 0.0485518
293 -0.239489 -0.927821
294 0.687213 -0.100067
295 0.952962 -0.885106
296 -0.673821 -0.634811
297 0.0825852 -0.454602
298 -0.0134635 0.467886
299 -0.630489 0.841395
300 0.320126 0.380151
301 -0.663827 0.371507
302 0.203609 0.309922
303 0.0353881 -0.861031
304 -0.0523258 -0.0305124
305 0.235797 -0.798557
306 -0.943461 -0.864063
307 -0.248234 0.545669
308 -0.185739 0.869909
309 0.0653546 -0.107179
310 -0.342361 -0.31187
311 -0.905072 -0.102785
312 0.806462 0.762857
313 0.625911 0.920455
314 -0.386899 0.856534
315 -0.910144 -0.279735
316 -0.847965 0.850852
317 -0.323953 0.58196
318 0.498245 -0.0683391
319 -0.835348 -0.60007
320 -0.847662 0.784928
321 0.441943 -0.104626
322 0.152897 -0.597067
323 0.441036 0.694688
324 0.137108 0.212884
325 0.800546 0.786633
326 0.20076 0.56805
327 0.576673 0.961518
328 0.373126 0.839894
329 -0.861208 0.0629166
330 0.1682 -0.226735
331 -0.477479 -0.101369
332 0.0951829 0.691846
333 0.631591 -0.477472
334 0.964111 0.856115
335 -0.328655 0.409124
336 0.298269 -0.582419
337 0.488943 0.955436
338 -0.168792 -0.816883
339 -0.477404 -0.542291
340 0.662882 0.0536282
341 -0.934601 0.521686
342 -0.153253 -0.645981
343 0.402478 0.195196
344 -0.448832 -0.87632
345 0.409769 -0.283612
346 0.446474 0.0539492
347 -0.810116 -0.287092
348 0.819967 -0.642667
349 -0.615145 -0.597386
350 -0.755692 0.259343
351 0.89991 -0.919809
352 -0.071534 -0.860594
353 0.187688 0.197161
354 -0.299092 -0.476016
355 -0.373353 0.80982
356 -0.190024 0.412735
357 0.101078 -0.0997241
358 -0.0740071 -0.793401
359 0.900063 -0.749008
360 -0.737572 -0.679145
361 0.740163 0.974203
362 0.877699 -0.235929
363 -0.0355052 0.339776
364 0.625595 0.836078
365 -0.824681 -0.742973
366 0.470927 0.925742
367 0.134263 0.894431
368 0.713848 0.406999
369 -0.639767 0.238668
370 0.116157 -0.874982
371 -0.121761 0.719929
372 -0.978744 -0.82968
373 -0.142502 0.174929
374 0.719104 0.229185
375 0.0648373 0.672897
376 0.488122 -0.344265
377 -0.510616 0.309092
378 0.217566 -0.863864
379 -0.226803 0.0727683
380 0.785802 0.878663
381 -0.5638 0.123664
382 -0.731693 0.417635
383 -0.693573 -0.994907
384 -0.971993 -0.564778
385 0.809692 -0.873457
386 -0.415402 -0.709948
387 0.30309 -0.712587
388 -0.378065 0.909563
389 0.83501 0.697095
390 0.0505435 -0.806452
391 -0.70735 -0.169793
392 0.0497443 -0.435926
393 -0.475563 -0.0860437
394 -0.207994 0.459915
395 -0.987985 0.227439
396 -0.937607 -0.87458
397 -0.484776 0.183778
398 -0.823587 0.722086
399 -0.85507 -0.342438
400 0.62114 0.866297
401 -0.506013 0.109111
402 0.120959 -0.0455047
403 -0.100337 0.871727
404 -0.219853 -0.906248
405 -0.488584 -0.134895
406 -0.411695 0.0831433
407 0.52127 0.813584
408 0.543342 0.129735
409 -0.657126 -0.148669
410 0.498395 -0.934078
411 -0.0358048 0.0434516
412 0.0750261 -0.673647
413 0.276155 -0.527601
414 -0.68638 -0.222767
415 0.0053134 -0.668735
416 0.113875 0.620894
417 -0.72731 0.550704
418 0.964498 0.88509
419 -0.321539 0.386174
420 0.324324 0.655955
421 0.692993 0.110091
422 0.346492 -0.00283469
423 -0.984044 0.424131
424 0.0169525 -0.618921
425 0.722183 0.627468
426 0.442449 -0.879337
427 -0.978644 0.965592
428 0.216619 -0.997636
429 -0.057991 0.0779707
430 0.122653 0.84422
431 0.301801 -0.872928
432 -0.389948 -0.0165646
433 -0.176906 -0.36427
434 -0.0234354 -0.874569
435 -0.773407 0.897674
436 0.503771 -0.797187
437 0.169876 0.815067
438 0.286588 0.329086
439 -0.549993 -0.837105
440 -0.818024 -0.992312
441 0.914855 -0.870415
442 0.529866 0.0915097
443 -0.000378195 -0.824904
444 -0.973971 -0.870256
445 -0.981362 0.944207
446 -0.702321 0.199384
447 -0.176334 0.475696
448 0.273081 0.841894
449 0.348344 -0.543165
450 -0.127617 0.0220916
451 0.94344 -0.994882
452 -0.870322 0.693025
453 0.890958 0.532006
454 0.302319 0.630176
455 -0.995406 -0.494256
456 -0.339463 -0.798697
457 0.290259 0.650621
458 -0.289511 -0.567144
459 -0.0490071 -0.552914
460 -0.265275 0.477998
461 -0.0785151 -0.857401
462 -0.329703 0.22013
463 0.404846 0.739614
464 -0.988978 -0.402586
465 0.498285 0.726632
466 0.793399 -0.201612
467 -0.123509 -0.225953
468 -0.549836 -0.70464
469 -0.994825 0.532437
470 0.959154 0.652066
471 -0.62853 0.525011
472 -0.621587 -0.319547
473 0.217189 0.379591
474 -0.223805 -0.461205
475 0.888518 -0.391106
476 0.169059 -0.15089
477 -0.314885 -0.165902
478 0.521678 0.725099
479 0.0315027 -0.417304
480 -0.569821 0.91628
481 0.995603 0.0995806
482 0.494764 0.472113
483 -0.400188 0.717473
484 -0.315609 0.586626
485 -0.0520972 -0.486213
486 -0.808737 -0.788532
487 -0.474149 -0.207093
488 0.480956 -0.364138
489 -0.00889193 0.710904
490 0.98296 -0.904964
491 -0.799923 -0.548548
492 -0.283321 -0.716081
493 0.569621 -0.255069
494 -0.876317 0.448064
495 -0.300541 -0.0223991
496 0.414064 0.0856932
497 -0.500419 0.505644
498 -0.145575 0.882158
499 0.935034 -0.935609
500 -0.0428396 -0.837306
501 -0.156316 -0.698956
502 0.113921 0.3288
503 0.898754 -0.326055
504 0.0168204 0.75022
505 -0.4976 0.29628
506 -0.670554 -0.294712
507 0.582514 -0.914563
508 0.267448 0.528326
509 0.631648 -0.0931323
510 0.423212 -0.676953
511 0.234718 0.74273
512 0.764168 -0.140651
513 -0.452527 0.696593
514 -0.494141 -0.830742
515 -0.114597 0.0300415
516 -0.871187 -0.086883
517 -0.421227 0.0206554
518 -0.188029 0.929163
519 0.0535648 -0.652004
520 -0.267331 -0.290076
521 -0.195445 0.916875
522 0.954182 0.884042
523 0.411242 -0.942755
524 -0.182949 0.862221
525 0.654167 0.319519
526 -0.480886 0.0101921
527 0.355034 0.219317
528 -0.0064946 -0.975842
529 -0.058368 -0.467914
530 0.388319 0.084902
531 0.573822 0.150939
532 0.398747 0.673724
533 0.0589086 0.902929
534 -0.374953 0.501048
535 0.0367083 -0.84154
536 -0.399216 0.249656
537 0.294638 -0.85635
538 -0.206557 -0.884377
539 0.0231946 -0.631099
540 0.488147 -0.169029
541 -0.367676 0.288937
542 0.296928 0.449997
543 0.790992 -0.238086
544 -0.0566107 0.694479
545 0.728436 -0.564006
546 0.25084 -0.1771
547 0.182872 0.096747
548 -0.404294 0.585942
549 0.0295264 -0.472347
550 0.290619 0.321858
551 -0.131025 -0.131719
552 -0.641583 0.300872
553 0.826576 -0.89719
554 0.468383 -0.343765
555 0.815258 -0.831015
556 -0.888953 0.0518151
557 0.875018 0.939962
558 -0.531288 0.701828
559 0.313864 0.290845
560 0.710716 0.862115
561 -0.123814 -0.894574
562 0.0949876 -0.595767
563 0.706619 0.442686
564 0.862024 -0.02957
565 0.846793 0.777443
566 -0.820394 0.933571
567 -0.732039 -0.147344
568 0.717655 -0.0914638
569 -0.7422 -0.382415
570 -0.0583951 0.386295
571 0.278547 -0.408812
572 -0.303303 -0.737906
573 0.029634 0.215475
574 -0.588555 0.985136
575 -0.715644 0.43753
576 0.294734 0.597707
577 0.227449 0.452364
578 0.0726731 0.295105
579 -0.354694 -0.0471961
580 -0.94756 -0.148857
581 0.915673 0.681526
582 0.865997 -0.381748
583 0.35524 0.218113
584 -0.591139 -0.668556
585 -0.400746 0.0746915
586 -0.319994 -0.0315489
587 0.736741 0.601801
588 0.09324 -0.636781
589 0.401695 0.566481
590 -0.119521 0.651285
591 -0.217566 0.857022
592 -0.898212 -0.0194208
593 0.746345 0.707586
594 0.592632 0.00946665
595 0.641494 -0.0274317
596 0.695438 0.501724
597 -0.144714 -0.749362
598 -0.0506917 -0.841723
599 0.776311 -0.894085
600 0.678092 -0.266976
601 0.844634 0.62153
602 0.758714 -0.699632
603 0.717523 0.598256
604 0.22308 0.693814
605 0.620362 -0.774444
606 -0.177833 0.76759
607 0.913367 -0.0516648
608 -0.464176 0.674498
609 0.895143 -0.615302
610 -0.789622 -0.807464
611 -0.126208 -0.780079
612 0.142547 -0.349071
613 -0.7918 0.273353
614 0.354118 0.179993
615 -0.193955 0.934529
616 -0.597131 0.00997718
617 -0.447154 0.65658
618 -0.512924 -0.904861
619 -0.717769 -0.835603
620 -0.328897 -0.157187
621 0.410609 -0.741231
622 0.561847 -0.476881
623 -0.755141 0.960085
624 -0.00159393 -0.551577
625 -0.435374 0.963984
626 0.564679 -0.986785
627 -0.981453 0.0290281
628 -0.204337 -0.60065
629 -0.0999483 -0.767848
630 -0.645389 0.339473
631 0.378811 -0.514976
632 -0.315747 0.619127
633 0.613183 0.101959
634 -0.418524 0.962781
635 -0.153812 0.400122
636 0.735975 0.944536
637 -0.601177 -0.779429
638 -0.0257482 0.1241
639 -0.998822 0.13025
640 -0.732454 -0.420226
641 0.96179 0.774986
642 0.886182 -0.883725
643 0.199974 -0.85863
644 -0.290131 0.444896
645 -0.846945 -0.140368
646 -0.241768 -0.16814
647 0.238232 0.285661
648 -0.278116 0.776792
649 -0.471693 -0.871613
650 -0.715664 -0.448325
651 0.144174 -0.501035
652 -0.632477 0.898145
653 0.904693 -0.785754
654 0.259766 -0.46481
655 -0.848754 -0.371807
656 0.319335 -0.826065
657 0.134802 0.0305873
658 -0.432513 -0.163176
659 0.00514616 0.105421
660 -0.208303 0.41561
661 0.742722 0.37325
662 0.8784 -0.983752
663 -0.27252 0.315047
664 -0.0934563 0.538192
665 0.950678 -0.322318
666 0.817017 0.17863
667 -0.0219044 -0.95326
668 -0.335741 0.26698
669 0.346829 0.256402
670 -0.0730682 -0.68745
671 -0.904176 0.00250323
672 0.323469 0.42271
673 0.37504 0.147292
674 0.248474 -0.581232
675 -0.687326 -0.944557
676 -0.648571 0.949753
677 -0.469435 -0.780046
678 0.422516 0.0705221
679 0.568385 -0.160751
680 0.546178 -0.790539
681 0.520076 0.0119354
682 -0.372692 0.82576
683 -0.150035 0.524378
684 0.256768 0.478529
685 0.646003 -0.432412
686 0.947947 -0.136046
687 -0.766604 -0.560217
688 -0.56709 -0.230809
689 0.863805 -0.420655
690 -0.429644 -0.0152776
691 -0.866602 0.193987
692 0.592916 -0.991793
693 -0.930919 0.366799
694 0.395245 0.713859
695 -0.158992 -0.643871
696 0.676133 -0.944364
697 -0.799416 0.705082
698 0.405704 -0.0371019
699 -0.211468 0.773552
700 -0.105557 -0.335508
701 0.152912 -0.532809
702 0.47948 0.0873786
703 0.462875 0.204558
704 0.989644 -0.556666
705 0.54948 0.803217
706 -0.569273 0.191408
707 -0.277355 0.830605
708 0.620586 0.868318
709 7.37799e-05 -0.413991
710 0.811471 -0.264797
711 -0.18515 -0.711421
712 0.771299 0.330768
713 -0.632641 0.1681
714 -0.096128 0.874404
715 -0.156334 -0.122923
716 0.602777 -0.968545
717 0.629655 0.893266
718 -0.201313 0.816762
719 -0.809215 0.0914884
720 -0.101348 0.215103
721 0.0858045 0.384144
722 0.534866 -0.255909
723 -0.28273 0.120301
724 0.956848 -0.0620681
725 -0.733189 0.936885
726 -0.622705 0.185314
727 0.539242 -0.16149
728 0.720499 -0.0155304
729 -0.0369303 -0.596633
730 0.285721 -0.749867
731 0.569452 -0.357452
732 -0.462994 -0.670181
733 0.783672 0.93527
734 -0.828657 -0.487136
735 -0.278484 0.287154
736 -0.444028 -0.331826
737 -0.0123339 -0.460691
738 -0.0280679 0.0862783
739 -0.989813 -0.314795
740 -0.421707 -0.677779
741 -0.597835 0.330396
742 0.723191 0.667352
743 -0.28752 0.0103005
744 -0.194505 0.708877
745 0.931809 0.461791
746 0.229202 -0.207871
747 -0.46061 0.117663
748 0.444963 0.954218
749 0.381941 -0.381374
750 -0.652468 -0.751476
751 0.841367 0.832703
752 0.850758 -0.87449
753 -0.770647 -0.973104
754 0.875439 0.979928
755 0.963997 0.169991
756 -0.816597 -0.362899
757 -0.70764 0.241548
758 0.89969 0.321923
759 0.000441818 -0.310372
760 0.00774089 0.264399
761 -0.20683 0.849216
762 0.691179 0.0617239
763 0.681028 -0.804755
764 0.48368 -0.617149
765 -0.195831 -0.588808
766 -0.363564 -0.862992
767 -0.293705 0.931618
768 -0.991909 0.403425
769 -0.321998 -0.339653
770 0.288011 0.768195
771 -0.717897 0.787752
772 0.454472 -0.120191
773 0.864817 0.629614
774 -0.265486 -0.813804
775 -0.171694 0.530316
776 -0.603562 0.252709
777 -0.330826 0.706244
778 0.771051 -0.637198
779 -0.0443808 -0.582243
780 -0.894013 0.112799
781 -0.671662 -0.670616
782 -0.242908 0.883956
783 -0.188537 -0.159774
784 0.657183 -0.848753
785 -0.371889 -0.932683
786 -0.0357831 -0.202314
787 0.360357 -0.650356
788 -0.0558974 0.780913
789 0.622935 0.345444
790 0.0257913 0.919966
791 0.0327263 0.28558
792 0.104087 -0.777717
793 0.700376 -0.47102
794 0.905493 -0.695347
795 0.354036 -0.327827
796 0.260135 -0.533287
797 -0.987744 0.506647
798 0.84674 0.943692
799 0.195114 0.380581
800 0.748996 0.487533
801 -0.667857 0.483873
802 -0.187894 0.457753
803 0.73608 0.0821611
804 0.596301 -0.0665682
805 0.897878 0.377887
806 0.457415 -0.170081
807 -0.615443 0.335675
808 -0.0442312 0.750276
809 0.679083 0.164794
810 -0.853061 0.303081
811 0.280009 0.435303
812 -0.231659 0.23769
813 -0.249079 0.639185
814 -0.300374 -0.104454
815 0.104627 -0.316102
816 0.539398 0.142777
817 -0.467501 0.892814
818 -0.98412 0.241231
819 -0.428829 -0.923739
820 0.302523 0.667028
821 0.304438 0.792325
822 -0.399633 -0.815329
823 0.0822297 0.675058
824 0.274923 -0.720834
825 -0.352766 0.569672
826 0.993821 0.98694
827 0.864922 0.895126
828 -0.107236 -0.21275
829 -0.024438 -0.887901
830 -0.535804 0.704369
831 0.236826 0.295576
832 0.0823987 0.158482
833 -0.455405 -0.0133
834 -0.978507 -0.0743504
835 0.0649821 0.651753
836 -0.809345 -0.229713
837 -0.456761 -0.51973
838 0.939894 -0.152133
839 -0.375187 -0.272432
840 0.259364 0.116281
841 -0.655563 0.380801
842 0.687398 -0.66949
843 0.244881 0.909533
844 -0.697061 0.333191
845 -0.283354 0.711917
846 -0.585837 0.628196
847 0.845135 -0.265921
848 0.0306402 -0.909772
849 -0.976217 0.784775
850 -0.126127 0.894324
851 0.0704623 0.106097
852 0.0452714 -0.260245
853 0.0670639 0.708734
854 0.762521 0.926898
855 0.210653 0.494275
856 0.566322 -0.499578
857 0.706968 0.891661
858 0.082515 0.857157
859 0.0383978 -0.51971
860 -0.22818 -0.377934
861 -0.0251112 0.740512
862 -0.419174 0.478654
863 0.991973 0.0273199
864 0.907376 -0.603622
865 -0.166196 -0.251077
866 0.923779 0.805369
867 0.206196 -0.137962
868 0.260533 -0.0403038
869 -0.178594 -0.552005
870 0.446115 0.192575
871 0.217378 -0.230969
872 -0.530064 -0.224864
873 0.941861 -0.0328164
874 -0.176131 0.124683
875 0.687734 -0.565739
876 -0.00873722 -0.405192
877 0.458196 0.612562
878 -0.0378166 -0.320348
879 0.0337951 -0.852633
880 -0.287106 0.424085
881 -0.622496 0.0317942
882 -0.782112 -0.6714
883 -0.498586 -0.0484091
884 -0.0537849 -0.662073
885 -0.977622 -0.330914
886 0.321804 -0.687597
887 0.359232 -0.787546
888 0.822672 0.506725
889 0.857502 0.956528
890 0.291175 -0.348172
891 -0.602278 0.945735
892 -0.0448891 0.144247
893 0.409741 0.448559
894 -0.920177 -0.545188
895 -0.938552 -0.785949
896 0.651057 -0.963986
897 0.146148 0.913041
898 0.589467 -0.846549
899 0.934032 0.425546
900 0.305042 -0.335923
901 0.90705 -0.672707
902 0.264317 0.665862
903 -0.281902 -0.245938
904 0.820582 -0.400219
905 0.603111 0.513777
906 0.257316 -0.440719
907 0.756245 -0.514012
908 -0.0134456 -0.757792
909 -0.618248 -0.269178
910 0.0710442 -0.24095
911 -0.57646 0.746239
912 0.804622 0.634639
913 0.291875 -0.188711
914 -0.509826 0.36463
915 0.413848 -0.862641
916 -0.0413681 0.130313
917 0.562707 0.8974
918 -0.522744 0.916975
919 -0.249803 -0.492424
920 -0.524621 -0.0934537
921 -0.768175 -0.135907
922 -0.888033 0.122113
923 0.335125 -0.766058
924 -0.953009 0.0611743
925 -0.245715 -0.433071
926 -0.216199 -0.212855
927 0.0576856 -0.773574
928 -0.688199 -0.702631
929 -0.268002 -0.1926
930 -0.78054 -0.370395
931 -0.36581 -0.992831
932 -0.193283 -0.15317
933 0.664155 -0.797431
934 -0.844691 -0.582313
935 0.678459 0.102878
936 0.697419 0.708074
937 -0.771407 -0.253783
938 -0.457254 -0.020121
939 -0.380466 0.788714
940 0.0536342 0.962277
941 0.610416 0.693444
942 0.586129 0.82266
943 0.160987 0.381478
944 0.338224 0.841581
945 -0.232531 -0.612631
946 -0.845768 0.513047
947 0.128131 0.930051
948 0.282301 -0.123067
949 0.145641 0.245697
950 -0.0132332 0.99702
951 0.86912 0.0180455
952 0.429437 -0.460969
953 0.103148 0.273797
954 0.0794758 0.145684
955 0.643541 0.817796
956 0.160309 -0.0364611
957 0.502512 -0.562246
958 -0.338443 -0.364194
959 0.265777 -0.967723
960 0.995257 0.101603
961 -0.655467 -0.669787
962 -0.542958 -0.687008
963 0.750118 0.036753
964 -0.355285 -0.504144
965 0.0421171 0.306376
966 0.782585 0.535509
967 -0.262145 -0.299987
968 -0.144942 -0.967406
969 -0.558363 0.0229244
970 0.576621 -0.629954
971 0.0916563 0.59639
972 -0.347798 -0.646663
973 0.0879118 0.4351
974 -0.495704 0.410776
975 -0.409525 -0.376526
976 0.300326 -0.169869
977 0.647123 -0.320623
978 -0.949323 0.16281
979 0.321105 0.28291
980 -0.990725 0.198016
981 -0.132715 -0.911347
982 0.390574 0.0533532
983 -0.293163 0.276894
984 0.651393 0.79256
985 0.290291 0.877509
986 0.642824 -0.692041
987 -0.776199 0.0624805
988 0.539674 0.540744
989 -0.672788 0.682049
990 0.255859 0.708031
991 0.71045 0.922613
992 -0.691635 -0.906092
993 0.0407436 0.389369
994 -0.9476 -0.172333
995 -0.872311 0.656435
996 0.0413731 0.868657
997 -0.752714 0.353576
998 -0.495784 -0.09782
999 0.481568 -0.239698
1000 0.321086 0.183275
1001 -0.420163 0.228699
1002 0.0488682 -0.853651
1003 0.773275 0.721316
1004 0.650506 -0.686555
1005 0.968339 0.392606
1006 0.121295 -0.63416
1007 0.87617 0.443342
1008 -0.580732 -0.773295
1009 -0.283062 -0.457704
1010 0.816304 -0.00410738
1011 0.940017 0.96234
1012 -0.360297 -0.930173
1013 -0.993107 -0.227791
1014 -0.365739 -0.320301
1015 -0.534018 -0.0729769
1016 0.466445 -0.27885
1017 0.806444 0.201931
1018 -0.779974 -0.65936
1019 -0.886381 -0.632145
1020 -0.109901 -0.641057
1021 0.584599 -0.743142
1022 -0.162035 0.344483
1023 0.590354 0.845103
1024 0.267403 0.578059
1025 -0.383576 -0.805019
1026 0.760165 0.817144
1027 0.182715 0.733156
1028 0.313715 0.764527
1029 -0.520977 0.858631
1030 0.145462 -0.760625
1031 0.242457 -0.316766
1032 0.778266 0.851094
1033 0.85599 -0.564285
1034 0.36594 0.445619
1035 -0.388922 -0.206484
1036 -0.475439 -0.101113
1037 0.0805544 -0.83016
1038 -0.887248 -0.0205279
1039 0.0582492 -0.539723
1040 -0.286889 0.3176
1041 -0.924722 0.281977
1042 0.945972 -0.337542
1043 -0.235606 0.966378
1044 -0.944088 0.340135
1045 0.252622 -0.907253
1046 0.255459 0.310857
1047 -0.488003 0.307695
1048 -0.288845 0.89
1049 -0.448543 0.803986
1050 0.166786 0.393274
1051 0.997467 0.938933
1052 -0.840666 -0.459718
1053 -0.968447 0.605502
1054 0.864603 0.0785198
1055 0.370216 -0.622791
1056 0.896207 0.97851
1057 -0.517882 0.867357
1058 0.983681 -0.84423
1059 0.0456777 0.985162
1060 0.626898 0.0665317
1061 -0.127417 -0.778171
1062 0.844218 0.0409285
1063 -0.598942 -0.465818
1064 -0.490033 0.874881
1065 -0.519632 -0.538231
1066 0.922906 -0.435179
1067 -0.548214 0.757581
1068 -0.195278 -0.593613
1069 -0.187122 -0.774126
1070 0.339911 0.494157
1071 -0.751834 -0.637046
1072 0.918811 -0.412866
1073 -0.269509 -0.746113
1074 0.257574 -0.764106
1075 -0.950246 -0.139118
1076 -0.817572 0.208327
1077 0.0808561 0.442217
1078 0.935816 0.91899
1079 -0.960765 0.157536
1080 0.939569 0.100182
1081 -0.0893841 -0.344155
1082 0.352775 0.816957
1083 -0.285717 0.979444
1084 -0.412945 -0.522015
1085 -0.184811 -0.601748
1086 0.696026 -0.198795
1087 0.146134 0.945721
1088 -0.636824 0.448127
1089 0.436189 -0.125982
1090 -0.692233 -0.545212
1091 -0.346672 0.931201
1092 0.902168 -0.959307
1093 0.382125 0.155811
1094 -0.266383 0.0806155
1095 0.923809 0.290815
1096 -0.298648 0.226211
1097 0.630622 -0.842203
1098 0.256932 0.290945
1099 -0.501187 -0.706378
1100 0.703268 0.330151
1101 -0.850168 -0.321475
1102 0.705896 -0.296392
1103 -0.567738 -0.251581
1104 -0.529179 0.0276776
1105 0.105494 0.67228
1106 -0.442023 -0.138133
1107 0.944815 0.0102528
1108 0.491328 -0.892268
1109 -0.776686 0.614451
1110 0.582353 -0.110838
1111 0.913462 0.864228
1112 -0.129135 -0.811559
1113 0.80289 -0.375634
1114 -0.58592 -0.41237
1115 0.356662 0.516775
1116 -0.221377 -0.581736
1117 -0.141119 -0.273061
1118 0.864323 -0.347072
1119 -0.514577 0.282605
1120 -0.379551 -0.464526
1121 0.357928 0.447969
1122 -0.994914 -0.184653
1123 -0.452464 -0.03502
1124 -0.920125 -0.0463931
1125 0.47078 0.17028
1126 -0.893506 -0.821218
1127 0.414582 0.677099
1128 -0.895556 -0.162979
1129 -0.717855 -0.0557854
1130 -0.335401 0.637537
1131 0.612105 0.158323
1132 0.484374 0.785403
1133 0.672739 0.0529789
1134 0.0372966 0.430034
1135 -0.133045 0.0559611
1136 -0.087234 0.717462
1137 0.683556 -0.163335
1138 -0.164943 -0.995063
1139 -0.959465 -0.651034
1140 0.575596 -0.899145
1141 0.887927 0.0672829
1142 -0.732892 -0.865903
1143 -0.184022 0.925369
1144 -0.443526 0.399929
1145 0.264923 0.784123
1146 -0.859452 0.117699
1147 0.350438 0.942196
1148 0.375021 -0.89265
1149 0.994693 0.776084
1150 -0.265495 -0.151173
1151 -0.612573 -0.563329
1152 0.0761184 0.129932
1153 0.146871 0.0872695
1154 0.335772 -0.23678
1155 0.953869 -0.500495
1156 0.622391 -0.33899
1157 -0.570803 0.942428
1158 -0.495541 0.950825
1159 -0.0410627 -0.946714
1160 -0.153385 0.482954
1161 -0.648277 -0.316082
1162 0.687579 0.331295
1163 0.03543 0.214207
1164 0.5517 0.913063
1165 0.81218 -0.67546
1166 0.948255 0.701888
1167 0.333581 0.387261
1168 0.993218 -0.628787
1169 -0.879439 0.275026
1170 0.894328 0.76596
1171 -0.491802 0.905297
1172 -0.962238 0.627389
1173 -0.638072 -0.79837
1174 -0.63496 0.209412
1175 0.715053 -0.654448
1176 0.661243 -0.332732
1177 0.216487 0.721718
1178 -0.540919 0.629323
1179 0.425501 -0.254564
1180 0.84156 0.472084
1181 -0.35148 -0.902036
1182 0.0472509 0.694683
1183 0.786253 0.138848
1184 0.314453 0.309715
1185 -0.655108 0.80397
1186 0.749486 0.466812
1187 0.444222 -0.445916
1188 -0.184678 -0.598303
1189 0.569088 0.826732
1190 0.589931 -0.635801
1191 -0.626364 0.257091
1192 -0.972738 -0.813492
1193 0.240776 -0.144369
1194 -0.634749 0.273488
1195 -0.420959 0.725482
1196 0.21326 -0.0773455
1197 0.146831 0.616081
1198 0.914538 -0.480736
1199 -0.19731 0.770281
1200 -0.462664 0.345526
1201 -0.244812 -0.73542
1202 -0.844543 0.407605
1203 0.0044109 0.675302
1204 0.305846 -0.913672
1205 -0.685664 0.847123
1206 0.270531 0.162575
1207 -0.581186 -0.946606
1208 0.873697 -0.0820641
1209 0.817284 -0.993245
1210 0.175183 0.483108
1211 -0.177821 -0.0390107
1212 0.458493 -0.783126
1213 0.460769 -0.0807693
1214 0.758309 0.348425
1215 -0.884813 -0.687751
1216 0.242533 0.145486
1217 -0.638378 -0.769694
1218 0.72906 -0.438032
1219 0.917639 0.620338
1220 -0.9278 -0.199028
1221 -0.993778 -0.640601
1222 -0.0757674 -0.744562
1223 -0.959424 -0.909666
1224 0.8034 0.560344
1225 0.958352 0.483509
1226 -0.168844 0.478675
1227 -0.243574 0.00751472
1228 -0.911203 -0.381429
1229 0.956287 -0.571638
1230 -0.968881 0.200056
1231 -0.496572 0.480231
1232 -0.51 -0.147992
1233 -0.0820414 0.685242
1234 0.81318 0.27399
1235 -0.720328 0.0974501
1236 0.592517 -0.798046
1237 -0.91202 -0.66685
1238 0.0531657 -0.083124
1239 -0.819285 -0.60011
1240 0.642407 -0.543734
1241 0.18645 -0.826746
1242 0.854817 0.402929
1243 -0.174966 0.663232
1244 0.0238846 0.930127
1245 0.261933 -0.732367
1246 -0.217132 0.892209
1247 0.997613 -0.699119
1248 -0.419085 -0.809585
1249 0.293189 0.0930504
1250 0.777847 0.398007
1251 0.559275 -0.0647508
1252 -0.297541 -0.398054
1253 0.0840275 0.459199
1254 -0.00795016 -0.980012
1255 0.183209 0.634006
1256 0.501642 -0.617302
1257 -0.291021 0.00537208
1258 0.100684 0.214842
1259 -0.13396 0.753955
1260 -0.260401 0.74308
1261 -0.487815 0.996366
1262 -0.688744 0.0732747
1263 0.128614 -0.571282
1264 -0.60264 0.13957
1265 -0.418757 0.902778
1266 0.853047 -0.595475
1267 -0.0837578 0.194062
1268 0.266002 -0.281338
1269 0.666138 -0.0516705
1270 -0.117432 -0.763257
1271 0.191562 0.0974293
1272 -0.775549 -0.298515
1273 0.795355 0.153109
1274 0.584167 -0.203065
1275 0.984232 -0.880466
1276 -0.737274 -0.982137
1277 0.928136 0.904563
1278 0.374377 0.170809
1279 0.350942 -0.0617234
1280 0.355077 0.476613
1281 -0.492388 0.961088
1282 -0.158476 0.327237
1283 -0.392202 -0.44343
1284 0.0369476 0.386741
1285 -0.123148 -0.562536
1286 -0.0181832 0.977185
1287 0.804669 0.743359
1288 0.75688 -0.00356241
1289 -0.912432 -0.729476
1290 0.057741 0.808461
1291 -0.403694 -0.31748
1292 -0.217766 0.205028
1293 -0.514433 0.358717
1294 -0.83904 -0.698102
1295 0.84729 -0.309981
1296 0.551854 -0.536672
1297 0.912014 -0.817022
1298 -0.844955 0.592092
1299 -0.0450806 -0.956321
1300 -0.398932 -0.477939
1301 0.642602 0.40396
1302 -0.167024 0.713604
1303 -0.112634 -0.889018
1304 0.719403 -0.961715
1305 -0.206273 0.43418
1306 -0.172941 0.796222
1307 0.499463 0.128648
1308 0.587379 -0.646954
1309 -0.81371 0.814713
1310 0.301163 0.905068
1311 -0.210027 -0.763263
1312 0.382811 -0.879874
1313 -0.26524 -0.11803
1314 0.0501893 0.451565
1315 0.026983 0.526506
1316 0.438912 0.198089
1317 0.886196 -0.826913
1318 -0.500444 -0.389597
1319 0.884882 0.23776
1320 0.1902 -0.628721
1321 -0.937486 -0.540825
1322 0.365983 -0.0191437
1323 0.0887395 0.363094
1324 0.988957 -0.314413
1325 -0.522558 -0.0418002
1326 0.937537 0.841025
1327 -0.678337 0.692897
1328 -0.133882 -0.10851
1329 0.218142 -0.509551
1330 0.0848492 0.752465
1331 0.0184615 0.128827
1332 0.56936 0.285789
1333 0.35048 -0.861342
1334 0.783734 -0.276809
1335 0.502357 -0.147038
1336 -0.758551 0.598062
1337 -0.825118 0.933045
1338 0.650589 0.949219
1339 0.512538 0.0403078
1340 0.359082 0.680147
1341 -0.00406148 -0.205707
1342 0.223033 -0.710067
1343 -0.0628481 -0.865945
1344 -0.281763 -0.519909
1345 -0.636662 0.765324
1346 -0.373571 -0.547559
1347 0.877058 -0.774839
1348 0.711638 0.857416
1349 0.112149 -0.595274
1350 -0.680496 -0.231846
1351 0.950801 0.00597881
1352 0.1829 0.0178051
1353 -0.454278 0.310678
1354 0.0318474 0.241209
1355 -0.534829 0.183439
1356 -0.309715 -0.742506
1357 -0.395653 0.494311
1358 -0.769459 -0.72037
1359 -0.332308 -0.573652
1360 0.598499 -0.230119
1361 0.536916 0.237009
1362 -0.0163139 -0.837257
1363 0.963469 -0.513373
1364 0.962032 -0.951415
1365 -0.603571 0.931801
1366 0.399013 -0.520828
1367 -0.431696 0.490476
1368 -0.478963 0.261891
1369 -0.531789 0.957711
1370 -0.76561 -0.0052357
1371 0.823935 -0.482495
1372 0.395962 0.365345
1373 0.875096 -0.211742
1374 -0.454854 -0.495262
1375 -0.3302 0.604933
1376 0.256883 -0.202853
1377 -0.59782 0.304944
1378 -0.885663 0.0942617
1379 -0.340041 0.201561
1380 0.256678 0.790566
1381 0.796259 0.264629
1382 0.286691 0.752002
1383 0.615194 0.135243
1384 0.543784 -0.0833192
1385 -0.415559 0.430317
1386 -0.215195 -0.731405
1387 0.518664 0.392162
1388 -0.108272 -0.886011
1389 0.843283 0.344997
1390 -0.573506 -0.00827072
1391 -0.993095 0.743735
1392 0.394125 -0.852415
1393 0.383092 0.965067
1394 -0.716513 -0.811353
1395 0.86679 0.376267
1396 0.688295 0.720417
1397 0.82011 0.9604
1398 0.516185 0.148106
1399 0.126463 -0.260848
1400 -0.280769 0.844617
1401 0.0355246 0.0419251
1402 -0.0177672 -0.0548728
1403 0.874429 -0.355913
1404 0.913832 -0.796706
1405 0.814891 -0.771775
1406 -0.967628 0.113225
1407 0.590644 -0.411943
1408 -0.716313 -0.309875
1409 0.960809 0.262657
1410 -0.486208 0.664255
1411 0.8439 -0.273096
1412 -0.29707 0.326134
1413 0.583261 -0.400088
1414 -0.522367 0.540614
1415 -0.734776 -0.562909
1416 -0.0669254 -0.0162497
1417 0.563122 -0.101153
1418 -0.654954 -0.0374178
1419 -0.696648 -0.695397
1420 -0.197169 -0.605609
1421 0.10743 -0.570793
1422 -0.200331 -0.242926
1423 -0.654468 -0.11927
1424 0.18988 -0.287381
1425 0.370271 0.79517
1426 0.124075 0.196995
1427 0.402442 0.856451
1428 -0.942019 0.0722354
1429 -0.987834 -0.586817
1430 0.480466 0.879513
1431 -0.871105 -0.225258
1432 0.546565 0.992438
1433 -0.119803 0.484104
1434 -0.250432 -0.340995
1435 -0.670088 -0.36403
1436 -0.350234 -0.25845
1437 0.848556 0.81411
1438 -0.0894086 -0.468084
1439 0.453282 -0.628479
1440 0.0442335 -0.393677
1441 -0.990428 0.39003
1442 -0.535051 -0.644183
1443 -0.400246 0.687611
1444 -0.0905843 -0.18334
1445 -0.749489 -0.509659
1446 -0.285582 0.762331
1447 0.991428 -0.882866
1448 -0.73884 0.899515
1449 -0.119982 0.637007
1450 0.905799 0.4735
1451 0.204451 0.642846
1452 -0.930562 0.690975
1453 0.257064 -0.434153
1454 -0.524811 0.650901
1455 -0.914948 0.967167
1456 -0.247827 0.811621
1457 0.204423 0.824413
1458 -0.671129 0.33482
1459 0.152591 -0.650018
1460 -0.90613 -0.0424942
1461 0.670785 -0.783535
1462 -0.626757 0.971076
1463 0.16592 -0.900157
1464 0.905168 -0.895772
1465 0.480462 0.994482
1466 -0.316765 0.927195
1467 -0.356893 0.691589
1468 -0.378237 0.0205973
1469 -0.284245 0.897922
1470 -0.76764 -0.706493
1471 0.346705 -0.451916
1472 0.452509 -0.777558
1473 0.790917 0.438461
1474 -0.885597 -0.812439
1475 -0.796207 0.0715053
1476 0.578802 -0.616525
1477 -0.336481 0.608303
1478 0.484519 -0.196266
1479 0.529911 0.675177
1480 -0.331438 -0.802968
1481 -0.629042 -0.466748
1482 -0.359698 -0.702263
1483 -0.912643 0.636462
1484 0.520806 0.302719
1485 -0.841075 -0.473923
1486 0.526868 0.647461
1487 -0.511485 -0.919137
1488 0.733593 -0.526126
1489 -0.239271 0.181612
1490 -0.886206 0.193991
1491 0.532399 -0.895925
1492 0.195535 0.498284
1493 -0.958998 -0.154804
1494 -0.488511 -0.311148
1495 -0.148313 0.172879
1496 0.813781 0.406186
1497 0.633438 0.753698
1498 0.404516 0.316913
1499 -0.290587 -0.397677
1500 -0.660961 0.713585
1501 0.550949 -0.852423
1502 -0.0347767 0.816869
1503 0.442131 -0.63377
1504 -0.253139 0.553764
1505 -0.760481 -0.643725
1506 -0.401346 0.428176
1507 0.434484 0.774419
1508 -0.805909 0.0728515
1509 -0.776373 0.453199
1510 0.393049 -0.493234
1511 0.0469088 0.655078
1512 0.485106 -0.196503
1513 0.791803 -0.467801
1514 -0.137632 -0.345282
1515 0.332459 0.998422
1516 0.806744 -0.542359
1517 0.862052 0.919337
1518 0.153982 0.542301
1519 0.912543 -0.573551
1520 -0.387416 0.581234
1521 0.436061 -0.901611
1522 -0.135473 0.738459
1523 0.659519 0.857617
1524 0.668095 0.777358
1525 0.706842 -0.624044
1526 0.0613024 -0.168526
1527 0.266042 -0.106625
1528 -0.293604 -0.0598322
1529 0.646113 0.125288
1530 0.815677 -0.66579
1531 0.531635 -0.474104
1532 -0.226053 -0.643553
1533 0.735854 0.689744
1534 -0.708971 -0.138226
1535 0.695513 -0.695971
1536 -0.0316378 -0.0715665
1537 -0.095656 0.810903
1538 0.686392 -0.663418
1539 0.0395296 0.361696
1540 0.847619 0.790531
1541 -0.188028 -0.414197
1542 0.115741 -0.332019
1543 0.511652 0.301482
1544 -0.615794 -0.385879
1545 0.0528327 0.617753
1546 -0.870827 -0.887342
1547 -0.894548 -0.310725
1548 -0.549708 -0.545909
1549 -0.1231 0.405715
1550 -0.111088 -0.849526
1551 -0.797744 -0.229338
1552 -0.0306569 0.184152
1553 0.443524 -0.762591
1554 -0.720935 -0.157347
1555 0.501092 -0.0165467
1556 0.704776 -0.95193
1557 -0.819261 -0.718059
1558 0.933696 0.121933
1559 -0.29731 0.56156
1560 -0.018514 0.454897
1561 0.0461978 0.483811
1562 0.0282496 -0.120903
1563 -0.342162 -0.826367
1564 0.914295 -0.562155
1565 -0.463243 0.999845
1566 0.343325 0.763082
1567 -0.780886 -0.963536
1568 -0.478324 0.556562
1569 -0.433301 0.0373796
1570 0.817103 0.538141
1571 0.785283 -0.658275
1572 0.217307 -0.326044
1573 -0.353195 -0.99776
1574 -0.867322 -0.261384
1575 0.413977 -0.645993
1576 0.77516 0.702532
1577 0.00118398 0.597257
1578 -0.248249 0.389261
1579 0.836082 -0.537574
1580 -0.388714 0.0611523
1581 0.54108 -0.318748
1582 -0.479425 -0.0800166
1583 0.986831 0.153732
1584 0.190805 -0.16344
1585 -0.412568 -0.664716
1586 -0.130515 -0.646907
1587 0.757157 0.896595
1588 -0.246485 -0.656847
1589 0.104162 0.480889
1590 -0.437014 0.161932
1591 -0.947521 -0.271856
1592 -0.0746778 0.217285
1593 -0.886269 -0.39464
1594 0.650019 0.659429
1595 -0.681 0.890311
1596 0.444906 0.112049
1597 0.636138 -0.916544
1598 -0.329643 0.507241
1599 0.843172 0.0423258
1600 -0.986382 0.443544
1601 0.845931 0.678681
1602 -0.448966 -0.978861
1603 -0.149258 0.353942
1604 -0.0718654 0.671719
1605 0.958136 0.736353
1606 -0.343673 0.0216842
1607 -0.271346 -0.209146
1608 0.554081 0.0913788
1609 -0.371072 0.808373
1610 -0.190456 0.617725
1611 0.162107 0.991024
1612 -0.116017 0.00842477
1613 -0.650327 0.0462413
1614 0.20388 0.363582
1615 -0.150827 -0.435288
1616 -0.723864 0.898991
1617 -0.355971 -0.95228
1618 -0.735725 -0.717344
1619 -0.495101 -0.0903196
1620 0.910005 -0.00449793
1621 -0.857798 -0.520268
1622 -0.0814658 0.591975
1623 -0.435401 -0.194481
1624 -0.698252 -0.458816
1625 0.439356 -0.738183
1626 -0.0161035 0.698328
1627 0.499131 0.640998
1628 -0.134928 0.970503
1629 -0.245504 0.726799
1630 -0.171104 0.815477
1631 0.762191 -0.465885
1632 0.581105 0.952842
1633 0.776664 -0.392667
1634 0.682736 -0.43135
1635 -0.0308694 -0.856985
1636 -0.737521 0.70806
1637 0.47936 -0.149345
1638 0.632663 -0.106731
1639 0.0339541 -0.941182
1640 0.474529 0.591634
1641 0.653755 -0.482676
1642 0.766416 -0.00965088
1643 0.339751 0.456456
1644 -0.673276 -0.955398
1645 0.287875 -0.49879
1646 0.399377 0.838645
1647 0.56101 -0.203709
1648 -0.538887 -0.0358407
1649 -0.593814 -0.964723
1650 -0.456981 0.973315
1651 -0.554903 0.580948
1652 0.795042 -0.759353
1653 0.0284502 -0.358202
1654 -0.877354 0.34502
1655 0.666093 0.253029
1656 -0.895406 -0.935895
1657 -0.247876 -0.502952
1658 0.126689 0.624279
1659 -0.321977 -0.150507
1660 -0.0926976 -0.371846
1661 -0.605684 0.16418
1662 0.898062 -0.891739
1663 -0.973322 0.46948
1664 -0.424928 -0.224798
1665 0.83737 -0.0208952
1666 -0.210424 -0.213785
1667 -0.667824 -0.219913
1668 -0.76626 0.0151252
1669 0.078968 0.0817201
1670 0.687872 0.241879
1671 0.731124 -0.656598
1672 -0.359714 -0.601128
1673 0.142949 0.682873
1674 -0.747936 0.303586
1675 0.183789 0.987835
1676 -0.997918 0.819195
1677 -0.127035 0.937521
1678 -0.500283 0.999393
1679 -0.704569 0.600292
1680 -0.703469 0.634171
1681 -0.0584785 0.71761
1682 0.315365 -0.0255366
1683 0.34742 -0.688796
1684 0.525335 -0.871405
1685 -0.660878 0.605961
1686 -0.744914 0.24902
1687 0.627388 0.981058
1688 -0.32868 0.00686985
1689 0.0515955 0.165019
1690 -0.627789 0.678021
1691 0.821047 -0.345651
1692 -0.0965508 -0.657572
1693 -0.0448297 0.447327
1694 -0.892828 0.156554
1695 -0.925499 -0.378356
1696 -0.955445 -0.550058
1697 0.665888 0.581035
1698 -0.474626 -0.318975
1699 0.27976 0.243679
1700 -0.637988 -0.901035
1701 -0.145114 -0.233043
1702 -0.518879 0.472632
1703 0.679296 0.108183
1704 -0.803557 -0.925867
1705 -0.90495 -0.717438
1706 -0.272303 0.497616
1707 -0.145354 0.858506
1708 -0.0353503 -0.0093029
1709 0.386021 0.238026
1710 0.35306 0.0894782
1711 0.663694 -0.888058
1712 0.981464 0.327534
1713 -0.244088 -0.578918
1714 0.721358 0.426764
1715 0.492525 0.334266
1716 0.261548 0.163199
1717 0.611807 -0.529436
1718 0.970946 -0.837203
1719 0.473994 -0.591273
1720 0.435662 -0.0129572
1721 -0.779739 -0.941271
1722 -0.0747628 -0.981802
1723 0.142342 0.186294
1724 -0.807418 0.573698
1725 0.75341 0.599697
1726 -0.0883454 0.289179
1727 -0.220127 0.857637
1728 -0.475295 -0.462429
1729 -0.904773 -0.184589
1730 0.705973 -0.479651
1731 -0.43114 -0.648725
1732 0.0991195 -0.41625
1733 -0.387835 0.195126
1734 -0.915201 -0.822938
1735 0.860202 0.01073
1736 0.886523 -0.795271
1737 -0.87096 -0.874168
1738 -0.726165 -0.829193
1739 0.202264 0.920061
1740 0.835404 -0.423416
1741 0.884574 0.288617
1742 -0.526009 0.0813554
1743 -0.237178 0.645631
1744 0.329097 0.502768
1745 -0.832875 -0.0448795
1746 -0.882102 -0.529168
1747 0.282287 -0.461528
1748 -0.702626 0.234277
1749 -0.804676 0.190958
1750 -0.519075 -0.668622
1751 0.694923 -0.82361
1752 0.815549 0.36174
1753 -0.0715852 0.768197
1754 0.280072 0.390979
1755 -0.385304 -0.675881
1756 -0.789398 0.80366
1757 0.382246 -0.248984
1758 0.556976 0.550957
1759 -0.190265 0.968739
1760 0.740554 0.106757
1761 -0.445998 -0.65837
1762 -0.650759 0.295557
1763 0.748861 -0.758959
1764 -0.933715 0.339174
1765 0.733004 0.891139
1766 -0.0805166 -0.727142
1767 0.942706 0.823597
1768 0.137151 -0.453877
1769 -0.45431 -0.801115
1770 -0.68891 -0.775458
1771 0.425552 0.414916
1772 0.628205 -0.733066
1773 -0.293185 0.119449
1774 0.807255 -0.0879661
1775 0.606094 -0.890001
1776 0.847613 0.610763
1777 -0.120153 0.184732
1778 -0.402815 -0.732571
1779 -0.971596 0.506427
1780 -0.0313468 0.074327
1781 0.074977 0.462957
1782 0.0268926 -0.935177
1783 -0.127128 -0.441041
1784 0.941195 -0.25287
1785 -0.811377 -0.557476
1786 -0.886864 0.696903
1787 -0.67314 -0.993116
1788 0.259768 0.742064
1789 0.11118 0.842261
1790 0.399241 -0.923299
1791 0.254506 0.0353862
1792 0.0918226 0.620755
1793 0.400419 0.880737
1794 -0.0262022 0.0912857
1795 -0.934983 0.144649
1796 0.778996 -0.994837
1797 -0.876869 -0.00371509
1798 0.144109 -0.36973
1799 0.76279 0.00205551
1800 0.654999 0.161895
1801 -0.996706 -0.994089
1802 0.152417 0.476907
1803 -0.0697566 0.250767
1804 -0.0477018 -0.734258
1805 -0.536789 0.954959
1806 0.996781 0.597647
1807 -0.932541 0.961014
1808 -0.18848 -0.202303
1809 -0.912605 -0.447048
1810 0.0115408 -0.502817
1811 -0.57579 0.783391
1812 -0.840502 -0.802967
1813 0.424938 0.608544
1814 -0.977376 -0.0796547
1815 0.62033 -0.784536
1816 -0.805988 0.225587
1817 -0.695472 0.49363
1818 -0.953151 0.754936
1819 -0.156215 -0.991353
1820 0.359358 0.19244
1821 0.00822791 0.861627
1822 0.166569 -0.160291
1823 0.331659 0.491309
1824 -0.505505 -0.805796
1825 0.977134 0.780368
1826 0.5174 0.626704
1827 0.256361 0.535659
1828 -0.0417408 -0.128982
1829 -0.909564 -0.805436
1830 -0.615101 -0.938393
1831 -0.865608 0.461248
1832 0.50948 0.552046
1833 0.336031 -0.692679
1834 0.393797 -0.973248
1835 -0.788957 -0.491037
1836 -0.935766 -0.54193
1837 -0.421171 -0.210122
1838 -0.95305 -0.246315
1839 0.677047 0.0668836
1840 0.504816 0.0377723
1841 -0.759715 0.782897
1842 -0.451608 -0.46456
1843 0.663403 -0.081145
1844 0.860862 -0.0760507
1845 0.216738 0.365163
1846 0.509745 0.570006
1847 -0.876699 -0.119532
1848 -0.0908801 0.724034
1849 0.0972441 0.129803
1850 -0.956311 -0.640979
1851 -0.486921 -0.437837
1852 0.496006 -0.926045
1853 -0.238271 0.0977399
1854 0.252761 -0.0638537
1855 -0.0817197 0.366134
1856 0.0370992 -0.409282
1857 -0.710591 0.791136
1858 0.0629817 -0.275817
1859 -0.68728 0.357863
1860 -0.738022 -0.140576
1861 0.368287 0.697174
1862 -0.499945 0.944753
1863 0.965035 -0.956582
1864 -0.874245 0.260343
1865 -0.518078 -0.285491
1866 0.445074 -0.908907
1867 -0.537151 0.888501
1868 0.583918 -0.82356
1869 -0.759407 -0.47782
1870 0.407011 0.509819
1871 -0.0305312 0.903143
1872 -0.00257402 0.270894
1873 0.290887 0.275171
1874 0.847564 0.0200102
1875 -0.408593 -0.334434
1876 -0.221613 -0.652379
1877 -0.102851 -0.677434
1878 0.461591 0.591787
1879 0.222904 0.324695
1880 0.432774 -0.75681
1881 -0.702617 -0.458199
1882 -0.994723 -0.321198
1883 -0.0161474 0.726596
1884 -0.0750488 -0.948518
1885 -0.298369 0.89102
1886 0.117057 -0.621134
1887 -0.868792 0.969489
1888 -0.764612 0.247941
1889 -0.486851 0.218255
1890 -0.655408 0.852525
1891 -0.436462 -0.60444
1892 -0.524921 -0.080753
1893 -0.497234 -0.14459
1894 0.232996 -0.914623
1895 -0.519514 -0.684226
1896 0.410443 0.593325
1897 0.446707 0.206508
1898 0.296297 -0.804988
1899 0.604038 0.505455
1900 0.40687 -0.305967
1901 0.208178 0.0867505
1902 -0.568264 0.864826
1903 -0.816661 -0.0510627
1904 0.520761 0.578546
1905 0.493974 -0.202293
1906 -0.957756 0.0428785
1907 -0.911338 -0.307709
1908 -0.826261 -0.699196
1909 0.401786 0.191655
1910 0.390094 0.259147
1911 0.496517 0.132443
1912 -0.0585586 0.481523
1913 0.154367 0.555537
1914 0.495369 -0.395503
1915 0.024952 -0.651107
1916 0.39047 0.0551611
1917 -0.0987635 0.0556334
1918 -0.801188 0.0361153
1919 -0.851966 0.636223
1920 -0.188452 -0.749337
1921 0.214797 -0.0424046
1922 0.531248 0.663769
1923 0.497222 -0.0916255
1924 0.553285 0.806396
1925 -0.404388 -0.613949
1926 -0.815552 -0.39122
1927 -0.444445 -0.421645
1928 0.660004 -0.309411
1929 -0.244869 0.0860342
1930 -0.825022 0.166811
1931 0.030459 -0.567368
1932 -0.905192 -0.0654794
1933 -0.601289 -0.821697
1934 -0.0395577 0.0285934
1935 -0.178867 0.957606
1936 0.110865 0.716077
1937 0.703078 0.581731
1938 -0.685567 -0.727905
1939 -0.84444 -0.0778991
1940 -0.431079 0.0481853
1941 -0.936115 -0.823053
1942 -0.816666 0.46387
1943 0.386496 0.327661
1944 -0.845772 0.426164
1945 0.767303 -0.527037
1946 0.310708 -0.294121
1947 -0.038975 0.0879992
1948 0.627283 -0.481163
1949 0.619334 0.0787243
1950 -0.762134 0.698077
1951 0.294749 -0.931381
1952 -0.0755134 -0.378036
1953 0.168885 0.448782
1954 -0.225572 -0.314024
1955 -0.278387 -0.535157
1956 -0.363213 0.676382
1957 0.476999 0.41563
1958 0.000647035 -0.408302
1959 0.535906 0.774617
1960 0.972817 0.11523
1961 0.0386337 0.434525
1962 -0.00238918 -0.0988186
1963 -0.619313 0.0275835
1964 -0.797041 -0.212682
1965 -0.00552537 -0.113141
1966 0.30617 -0.624818
1967 -0.770874 0.693703
1968 -0.111342 -0.995513
1969 -0.0801221 0.737408
1970 -0.716341 0.345588
1971 0.490707 0.19301
1972 0.773589 0.378994
1973 0.440545 -0.0348294
1974 0.049763 -0.661827
1975 0.606848 0.427089
1976 0.608997 -0.71569
1977 -0.495346 0.508897
1978 -0.289079 0.855153
1979 -0.812091 0.651424
1980 0.681372 -0.01189
1981 0.308421 -0.440304
1982 0.446415 0.782088
1983 -0.391754 0.916001
1984 0.149119 -0.948048
1985 -0.142164 -0.682759
1986 -0.246119 -0.167856
1987 -0.228386 0.775494
1988 -0.583012 -0.201457
1989 -0.10531 0.479789
1990 0.23538 0.636056
1991 0.835274 -0.646229
1992 -0.511851 0.843737
1993 -0.59098 0.400386
1994 -0.672956 -0.973565
1995 -0.282623 0.836497
1996 -0.685607 0.136882
1997 0.93786 0.013415
1998 0.990621 -0.45229
1999 -0.415753 0.278529
