0 0.185689 0.688531
1 0.715891 0.694503
2 0.247127 -0.231237
3 -0.404931 -0.886574
4 -0.454687 -0.0446698
5 0.624337 -0.0400457
6 -0.21443 0.672158
7 -0.325208 0.296344
8 -0.263517 0.91431
9 -0.719298 0.740175
10 -0.0527839 0.601822
11 0.040955 0.357759
12 0.441265 0.16404
13 0.0747465 0.517231
14 -0.788185 -0.0527992
15 -0.627335 0.473836
16 -0.566899 -0.729564
17 -0.351718 -0.70065
18 -0.555357 -0.227022
19 0.805197 -0.1001
20 0.226127 0.804697
21 -0.801439 0.939618
22 0.30628 -0.658181
23 -0.283696 0.501372
24 0.215661 -0.349906
25 -0.923149 0.268548
26 0.917899 0.305581
27 0.270118 0.990599
28 0.163701 -0.171263
29 -0.050605 0.24702
30 -0.323985 0.349505
31 -0.365597 0.556691
32 0.899142 0.325054
33 -0.972857 0.245692
34 0.347319 0.94389
35 0.756387 0.0192487
36 -0.888571 -0.0976816
37 -0.960025 -0.116578
38 0.959173 -0.281111
39 -0.0382129 0.377322
40 0.760952 0.836471
41 -0.566356 0.130378
42 0.730205 0.0179379
43 0.833446 0.842315
44 -0.833775 -0.444563
45 -0.981287 0.684684
46 0.294348 0.682772
47 -0.47054 -0.204358
48 0.105643 -0.670119
49 -0.260384 -0.707116
